A	C	D	E	F	G	H	I	K	L	M	N	P	Q	R	S	T	V	W	Y
A	-0.20	-0.44	0.16	0.26	-0.46	-0.26	0.50	-0.57	0.10	-0.36	-0.22	0.07	0.14	0.01	0.20	-0.09	-0.05	-0.42	0.05	-0.50
C	-0.44	-2.99	0.21	0.19	-0.88	-0.34	-1.11	-0.36	-0.09	-0.53	-0.43	-0.52	-0.14	-0.43	-0.24	0.13	-0.22	-0.62	0.24	-0.79
D	0.16	0.21	0.17	0.55	0.38	0.35	-0.23	0.44	-0.39	0.28	0.35	-0.02	1.03	0.49	-0.37	0.19	-0.12	0.69	0.04	0.43
E	0.26	0.19	0.55	0.60	0.55	0.65	0.18	0.37	-0.47	0.33	0.29	0.01	0.69	0.04	-0.52	0.18	0.37	0.39	0.03	0.17
F	-0.46	-0.88	0.38	0.55	-0.94	0.17	-0.40	-0.88	0.01	-1.08	-0.78	0.22	0.20	0.26	-0.19	-0.22	0.02	-1.15	-0.60	-0.88
G	-0.26	-0.34	0.35	0.65	0.17	-0.12	0.18	0.24	0.19	0.24	0.02	-0.04	0.60	0.46	0.50	0.28	0.28	0.27	0.51	-0.35
H	0.50	-1.11	-0.23	0.18	-0.40	0.18	0.42	-0.00	0.79	-0.24	-0.07	0.20	0.25	0.69	0.24	0.21	0.11	0.16	-0.85	-0.26
I	-0.57	-0.36	0.44	0.37	-0.88	0.24	-0.00	-1.16	0.15	-1.25	-0.58	-0.09	0.36	-0.08	0.14	0.32	-0.27	-1.06	-0.68	-0.85
K	0.10	-0.09	-0.39	-0.47	0.01	0.19	0.79	0.15	0.42	0.13	0.48	0.26	0.50	0.15	0.53	0.10	-0.19	0.10	0.10	0.04
L	-0.36	-0.53	0.28	0.33	-1.08	0.24	-0.24	-1.25	0.13	-1.10	-0.50	0.21	0.42	-0.01	-0.07	0.17	0.07	-0.97	-0.95	-0.63
M	-0.22	-0.43	0.35	0.29	-0.78	0.02	-0.07	-0.58	0.48	-0.50	-0.74	0.32	0.01	0.26	0.15	0.48	0.16	-0.73	-0.56	-1.02
N	0.07	-0.52	-0.02	0.01	0.22	-0.04	0.20	-0.09	0.26	0.21	0.32	0.14	0.27	0.37	0.13	0.15	0.10	0.40	-0.12	0.32
P	0.14	-0.14	1.03	0.69	0.20	0.60	0.25	0.36	0.50	0.42	0.01	0.27	0.27	1.02	0.47	0.54	0.88	-0.02	-0.37	-0.12
Q	0.01	-0.43	0.49	0.04	0.26	0.46	0.69	-0.08	0.15	-0.01	0.26	0.37	1.02	-0.12	0.24	0.29	0.04	-0.11	0.18	0.11
R	0.20	-0.24	-0.37	-0.52	-0.19	0.50	0.24	0.14	0.53	-0.07	0.15	0.13	0.47	0.24	0.17	0.27	0.45	0.01	-0.73	0.01
S	-0.09	0.13	0.19	0.18	-0.22	0.28	0.21	0.32	0.10	0.17	0.48	0.15	0.54	0.29	0.27	-0.06	0.08	0.12	-0.22	-0.14
T	-0.05	-0.22	-0.12	0.37	0.02	0.28	0.11	-0.27	-0.19	0.07	0.16	0.10	0.88	0.04	0.45	0.08	-0.03	-0.01	0.11	-0.32
V	-0.42	-0.62	0.69	0.39	-1.15	0.27	0.16	-1.06	0.10	-0.97	-0.73	0.40	-0.02	-0.11	0.01	0.12	-0.01	-0.89	-0.56	-0.71
W	0.05	0.24	0.04	0.03	-0.60	0.51	-0.85	-0.68	0.10	-0.95	-0.56	-0.12	-0.37	0.18	-0.73	-0.22	0.11	-0.56	-0.05	-1.41
Y	-0.50	-0.79	0.43	0.17	-0.88	-0.35	-0.26	-0.85	0.04	-0.63	-1.02	0.32	-0.12	0.11	0.01	-0.14	-0.32	-0.71	-1.41	-0.76